562.100020
562.100072
562.100166
562.100179
562.100189
562.100191
562.100194
562.100326
562.100446
562.100448
562.100449
562.100452
562.100481
562.100519
562.100558
562.100642
562.100662
562.100687
562.100719
562.100745
562.100780
562.100805
562.100806
562.100812
562.100856
562.100863
562.100922
562.100942
562.100960
562.114672
562.140833
562.140870
562.140894
562.144949
562.144961
562.144973
562.144977
562.145029
562.145389
562.145812
562.22434
562.22458
562.22567
562.22605
562.22688
562.22712
562.22798
562.23854
562.42743
562.42761
562.42775
562.42825
562.42862
562.42870
562.45629
562.45671
562.45675
562.50271
562.57093
562.57145
562.57169
562.57264
562.57384
562.57407
562.57436
562.57458
562.58721
562.58754
562.65786
562.65791
562.7617
562.7637
562.7646
562.7673
562.7677
562.7685
562.7723
562.7734
562.7759
562.97751
562.97754
562.97784
562.97802
562.97805
562.97827
562.97845
562.97863
562.97872
562.97890
562.97907
562.97922
562.97941
562.97956
562.98030
562.98094
562.98138
562.98184
562.98231
562.98256
562.98261
562.98299
562.98406
562.98447
562.98456
562.98490
562.98535
562.98568
562.98581
562.98612
562.98656
562.98680
562.98755
562.98764
562.98766
562.98771
562.98808
562.98811
562.98847
562.98896
562.99000
562.99019
562.99040
562.99059
562.99097
562.99102
562.99134
562.99152
562.99201
562.99219
562.99236
562.99297
562.99331
562.99371
562.99382
562.99408
562.99533
562.99540
562.99558
562.99575
562.99614
562.99671
562.99742
562.99787
562.99843
562.99849
562.99857
562.99909
562.99937
562.99942
